MutagenObjectType: PlacedObject
FormKey: 0EE18F:Skyrim.esm
Base: 0D8DA9:Skyrim.esm
Placement:
  Position: -129291.35, -7119.741, -8110.63
  Rotation: 3.6236017E-07, 1.1644526E-06, 0.35000223
