MutagenObjectType: PlacedObject
FormKey: 0EE190:Skyrim.esm
Base: 03AF9D:Skyrim.esm
Placement:
  Position: -129291.35, -7119.741, -8213.366
  Rotation: 7.8721405E-07, 9.31423E-07, 5.8831863
