MutagenObjectType: PlacedObject
FormKey: 0EE191:Skyrim.esm
Base: 03AF9B:Skyrim.esm
Placement:
  Position: -129291.35, -7119.741, -8082.059
  Rotation: 7.8721405E-07, 9.31423E-07, 3.4000084
