MutagenObjectType: PlacedObject
FormKey: 0EE193:Skyrim.esm
Base: 03AF99:Skyrim.esm
Placement:
  Position: -129291.35, -7119.741, -8004.4995
  Rotation: 2.4429892E-07, 1.1948108E-06, 0.2000045
