MutagenObjectType: PlacedObject
FormKey: 0EE192:Skyrim.esm
Base: 03AF98:Skyrim.esm
Placement:
  Position: -129291.35, -7119.741, -7994.1963
  Rotation: 7.8721405E-07, 9.31423E-07, 0.30000484
