MutagenObjectType: PlacedObject
FormKey: 0EE18E:Skyrim.esm
Base: 03AF9A:Skyrim.esm
Placement:
  Position: -129291.35, -7119.741, -8036.2676
  Rotation: 7.8721405E-07, 9.31423E-07, 3.3831995
