MutagenObjectType: PlacedObject
FormKey: 0EE194:Skyrim.esm
Base: 03AF97:Skyrim.esm
Placement:
  Position: -129291.35, -7119.741, -7971.1714
  Rotation: 1.2090992E-06, -1.5916866E-07, 0.20000315
