MutagenObjectType: PlacedObject
FormKey: 0A9A7C:Skyrim.esm
Base: 022201:Skyrim.esm
LocationReference: 0192B8:Skyrim.esm
Placement:
  Position: 3042.997, 599.63745, -1669.4424
  Rotation: 0, -0, 5.6249866
