MutagenObjectType: PlacedObject
FormKey: 054C2D:Skyrim.esm
Version2: 5
Base: 03AF9C:Skyrim.esm
Placement:
  Position: 4780.963, -62481.91, 3147.3745
  Rotation: 0.22114371, 0.20440361, 3.9364
