MutagenObjectType: PlacedObject
FormKey: 0C2D45:Skyrim.esm
Version2: 2
Base: 022201:Skyrim.esm
Placement:
  Position: 4770.4097, -62453.855, 3218.8833
  Rotation: 0.16895041, 0.10754756, 4.6091213
