MutagenObjectType: PlacedObject
FormKey: 0C2D44:Skyrim.esm
Version2: 1
Base: 022201:Skyrim.esm
Placement:
  Position: 4770.7695, -62454.61, 3124.4548
  Rotation: 0.1689504, 0.10754756, 1.0091213
