MutagenObjectType: PlacedObject
FormKey: 0C2D46:Skyrim.esm
Version2: 1
Base: 022201:Skyrim.esm
Placement:
  Position: 4773.674, -62460.887, 3152.3762
  Rotation: 0.16895041, 0.10754756, 0.02593621
