MutagenObjectType: PlacedObject
FormKey: 0EC532:Skyrim.esm
Base: 022201:Skyrim.esm
Placement:
  Position: -982.19635, 3341.6248, -272.56284
  Rotation: 0, -0, 5.4111123
