MutagenObjectType: PlacedObject
FormKey: 0EC51E:Skyrim.esm
Base: 022201:Skyrim.esm
Placement:
  Position: 594.30585, 2466.311, -406.7062
  Rotation: 0, -0, 3.6293423
