MutagenObjectType: PlacedObject
FormKey: 03CC75:Dragonborn.esm
Base: 022201:Skyrim.esm
LocationReference: 016E2A:Dragonborn.esm
Placement:
  Position: 43181.855, 13357.543, 369.26645
  Rotation: 0, 0, 0.2443461
