MutagenObjectType: PlacedObject
FormKey: 08973E:Skyrim.esm
Base: 022201:Skyrim.esm
LocationReference: 0192AC:Skyrim.esm
Placement:
  Position: 117744.12, -18176.6, 195.99278
  Rotation: 0, -0, 1.2657249
