MutagenObjectType: PlacedObject
FormKey: 08973F:Skyrim.esm
Base: 022201:Skyrim.esm
LocationReference: 0192AC:Skyrim.esm
Placement:
  Position: 117903.25, -18046.045, 247.01973
  Rotation: 0, -0, 2.1283505
