MutagenObjectType: PlacedObject
FormKey: 0E4A67:Skyrim.esm
Base: 022201:Skyrim.esm
Placement:
  Position: -108134.98, 27696.477, 107.25514
  Rotation: 0, 0, 2.2863812
