MutagenObjectType: PlacedObject
FormKey: 0D31A6:Skyrim.esm
Base: 022201:Skyrim.esm
Placement:
  Position: 20529.71, -28978.133, -234.04526
  Rotation: 0, 0, 3.7350047
