MutagenObjectType: PlacedObject
FormKey: 0D31A5:Skyrim.esm
Base: 022201:Skyrim.esm
Placement:
  Position: 21290.309, -28750.629, 17.662903
  Rotation: 0, 0, 4.34587
