MutagenObjectType: PlacedObject
FormKey: 0A9A4B:Skyrim.esm
Base: 022201:Skyrim.esm
LocationReference: 0192B8:Skyrim.esm
Placement:
  Position: 3005.7039, -134.73355, -1911.0853
  Rotation: 0, 0, 2.8448865
