MutagenObjectType: PlacedObject
FormKey: 0E43F4:Skyrim.esm
Base: 022201:Skyrim.esm
Placement:
  Position: -11383.6455, 314.29834, -6715.823
  Rotation: 0, 0, 0.29670596
