MutagenObjectType: PlacedObject
FormKey: 0B0E89:Skyrim.esm
Base: 022201:Skyrim.esm
LocationReference: 01914A:Skyrim.esm
Placement:
  Position: -401.96524, 4695.446, 1316.517
  Rotation: 0, 0, 5.413055
