MutagenObjectType: PlacedObject
FormKey: 0CB0B8:Skyrim.esm
Version2: 1
Base: 022201:Skyrim.esm
Placement:
  Position: 4595.83, 2163.8215, -5822.062
  Rotation: 0.07016449, 0.1613258, 4.585676
