MutagenObjectType: PlacedObject
FormKey: 064744:Skyrim.esm
Base: 022201:Skyrim.esm
Placement:
  Position: -34326.184, -56498.086, 690.86084
  Rotation: 0, 0, 4.415683
