MutagenObjectType: PlacedObject
FormKey: 010402:Dawnguard.esm
Version2: 1
Base: 022201:Skyrim.esm
LocationReference: 00A87C:Dawnguard.esm
Placement:
  Position: 14203.468, 12428.966, 182.87602
  Rotation: 0, -0, 5.618178
