MutagenObjectType: PlacedObject
FormKey: 0DB5F7:Skyrim.esm
Base: 022201:Skyrim.esm
LocationReference: 01929C:Skyrim.esm
Placement:
  Position: -258.93524, 6386.1763, 1488.1931
  Rotation: 0, -0, 1.4734104
