MutagenObjectType: PlacedObject
FormKey: 001333:source.esp
Base: 03AF9A:Skyrim.esm
Placement:
  Position: -26123.25, -92287.46, -333.77747
  Rotation: 0, -0, 2.3000035
