MutagenObjectType: PlacedObject
FormKey: 0B0C49:Skyrim.esm
Base: 022201:Skyrim.esm
LocationReference: 01914A:Skyrim.esm
Placement:
  Position: 5014.5605, -72.500534, 1083.6672
  Rotation: 0, -0, 1.2296263
