MutagenObjectType: PlacedObject
FormKey: 0B0C42:Skyrim.esm
Base: 022201:Skyrim.esm
LocationReference: 01914A:Skyrim.esm
Placement:
  Position: 4161.493, -389.68323, 1036.723
  Rotation: 0, 0, 3.596298
