MutagenObjectType: PlacedObject
FormKey: 0D8EA4:Skyrim.esm
Base: 022201:Skyrim.esm
LocationReference: 0192AB:Skyrim.esm
Placement:
  Position: 200169.47, -46600.465, -436.32016
  Rotation: 0, -0, 5.046387
