MutagenObjectType: PlacedObject
FormKey: 0E4A6C:Skyrim.esm
Base: 022201:Skyrim.esm
Placement:
  Position: -109213.17, 14439.809, -368.32086
  Rotation: 0, 0, 4.8520155
