MutagenObjectType: PlacedObject
FormKey: 03CC23:Dragonborn.esm
Base: 022201:Skyrim.esm
LocationReference: 0143B9:Dragonborn.esm
Placement:
  Position: 29541.377, 37437.445, 486.18472
  Rotation: 0, 0, 5.061455
