MutagenObjectType: PlacedObject
FormKey: 0DB81B:Skyrim.esm
Base: 022201:Skyrim.esm
Placement:
  Position: -80647.06, 32742.553, -10434.198
  Rotation: 0, 6.2482786, 3.4382987
