MutagenObjectType: PlacedObject
FormKey: 0074E5:source.esp
Base: 03AF97:Skyrim.esm
Placement:
  Position: -153123.03, 534.60046, -3955.5627
  Rotation: 1.0877848E-06, 5.5134296E-07, 0.10000151
