MutagenObjectType: PlacedObject
FormKey: 0074E2:source.esp
Base: 03AF9A:Skyrim.esm
Placement:
  Position: -153123.03, 534.60046, -3992.261
  Rotation: 1.0877848E-06, 5.5134296E-07, 3.1832004
