MutagenObjectType: PlacedObject
FormKey: 0074E1:source.esp
Base: 03AF9B:Skyrim.esm
Placement:
  Position: -153123.03, 534.60046, -4016.4854
  Rotation: 1.0877848E-06, 5.5134296E-07, 3.1698215
