MutagenObjectType: PlacedObject
FormKey: 0074E0:source.esp
Base: 03AF9D:Skyrim.esm
Placement:
  Position: -153123.03, 534.60046, -4174.734
  Rotation: 1.0877848E-06, 5.5134296E-07, 5.755396E-13
