MutagenObjectType: PlacedObject
FormKey: 0074E4:source.esp
Base: 03AF99:Skyrim.esm
Placement:
  Position: -153123.03, 534.60046, -3966.8687
  Rotation: 1.0877848E-06, 5.5134296E-07, 3.1650953
