MutagenObjectType: PlacedObject
FormKey: 0074E3:source.esp
Base: 03AF98:Skyrim.esm
Placement:
  Position: -153123.03, 534.60046, -3941.9524
  Rotation: 1.0877848E-06, 5.5134296E-07, 5.6254753E-06
